Oscilloscope data. 
Time step = 1,000 uS
Voltage step = 31,25 mV
Zero level = 139

N 	Smpl.	Trig

0	161	0
1	173	0
2	183	0
3	191	0
4	197	0
5	201	0
6	204	0
7	204	0
8	201	0
9	197	0
10	189	0
11	181	0
12	171	0
13	160	0
14	148	0
15	136	0
16	124	0
17	113	0
18	101	0
19	93	0
20	85	0
21	80	0
22	76	0
23	75	0
24	77	0
25	79	0
26	85	0
27	92	0
28	100	0
29	111	0
30	123	0
31	135	0
32	147	0
33	159	0
34	169	0
35	179	0
36	189	0
37	195	0
38	200	0
39	203	0
40	204	0
41	203	0
42	197	0
43	192	0
44	184	0
45	175	0
46	163	0
47	153	0
48	140	0
49	129	0
50	116	0
51	105	0
52	96	0
53	87	0
54	82	0
55	77	0
56	76	0
57	75	0
58	77	0
59	83	0
60	89	0
61	97	0
62	107	0
63	119	0
64	131	0
65	143	0
66	155	0
67	165	0
68	176	0
69	185	0
70	193	0
71	199	0
72	203	0
73	204	0
74	203	0
75	200	0
76	193	0
77	187	0
78	179	0
79	167	0
80	156	0
81	144	0
82	132	0
83	121	0
84	109	0
85	99	0
86	91	0
87	83	0
88	79	0
89	76	0
90	75	0
91	77	0
92	81	0
93	87	0
94	95	0
95	104	0
96	115	0
97	127	0
98	139	0
99	151	0
100	161	0
101	173	0
102	183	0
103	191	0
104	197	0
105	201	0
106	203	0
107	203	0
108	201	0
109	196	0
110	189	0
111	180	0
112	171	0
113	160	0
114	148	0
115	136	0
116	124	0
117	113	0
118	101	0
119	93	0
120	85	0
121	80	0
122	77	0
123	76	0
124	76	0
125	80	0
126	85	0
127	91	0
128	101	0
129	111	0
130	123	0
131	135	0
132	147	0
133	157	0
134	169	0
135	180	0
136	188	0
137	195	0
138	200	0
139	203	0
140	203	0
141	203	0
142	197	0
143	192	0
144	184	0
145	175	0
146	163	0
147	152	0
148	140	0
149	128	0
150	116	0
151	107	0
152	96	0
153	87	0
154	81	0
155	77	0
156	75	0
157	76	0
158	77	0
159	83	0
160	89	0
161	97	0
162	108	0
163	119	0
164	131	0
165	143	0
166	155	0
167	165	0
168	176	0
169	185	0
170	193	0
171	199	0
172	203	0
173	203	0
174	203	0
175	199	0
176	193	0
177	187	0
178	177	0
179	167	0
180	156	0
181	144	0
182	132	0
183	121	0
184	109	0
185	99	0
186	91	0
187	84	0
188	79	0
189	76	0
190	76	0
191	77	0
192	81	0
193	87	0
194	95	0
195	105	0
196	115	0
197	127	0
198	139	0
199	151	0
200	163	0
201	173	0
202	183	0
203	191	0
204	197	0
205	201	0
206	204	0
207	203	0
208	201	0
209	196	0
210	189	0
211	181	0
212	171	0
213	160	0
214	148	0
215	136	0
216	124	0
217	113	0
218	101	0
219	93	0
220	85	0
221	79	0
222	77	0
223	75	0
224	76	0
225	79	0
226	85	0
227	92	0
228	101	0
229	111	0
230	123	0
231	135	0
232	146	0
233	159	0
234	169	0
235	179	0
236	188	0
237	195	0
238	200	0
239	203	0
240	203	0
241	202	0
242	199	0
243	192	0
244	184	0
245	175	0
246	163	0
247	152	0
248	140	0
249	129	0
250	117	0
251	105	0
252	96	0
253	88	0
254	81	0
255	77	0
256	75	0
257	76	0
258	79	0
259	83	0
260	89	0
261	97	0
262	108	0
263	119	0
264	131	0
265	143	0
266	155	0
267	165	0
268	177	0
269	185	0
270	193	0
271	199	0
272	203	0
273	204	0
274	203	0
275	200	0
276	193	0
277	187	0
278	177	0
279	168	0
280	156	0
281	144	0
282	132	0
283	121	0
284	109	0
285	99	0
286	91	0
287	84	0
288	79	0
289	76	0
290	75	0
291	77	0
292	81	0
293	87	0
294	95	0
295	104	0
296	115	0
297	127	0
298	139	0
299	151	0
300	161	0
301	173	0
302	183	0
303	191	0
304	197	0
305	201	0
306	203	0
307	203	0
308	201	0
309	196	0
310	189	0
311	181	0
312	171	0
313	160	0
314	148	0
315	136	0
316	124	0
317	113	0
318	102	0
319	93	0
320	85	0
321	80	0
322	76	0
323	76	0
324	76	0
325	79	0
326	85	0
327	92	0
328	100	0
329	111	0
330	123	0
331	135	0
332	147	0
333	159	0
334	169	0
335	180	0
336	189	0
337	195	0
338	200	0
339	203	0
340	204	0
341	203	0
342	197	0
343	192	0
344	184	0
345	175	0
346	164	0
347	153	0
348	140	0
349	128	0
350	117	0
351	105	0
352	96	0
353	88	0
354	83	0
355	77	0
356	75	0
357	76	0
358	77	0
359	83	0
360	89	0
361	97	0
362	107	0
363	119	0
364	131	0
365	143	0
366	155	0
367	165	0
368	176	0
369	185	0
370	193	0
371	199	0
372	203	0
373	203	0
374	203	0
375	200	0
376	194	0
377	187	0
378	179	0
379	168	0
380	157	0
381	144	0
382	132	0
383	121	0
384	109	0
385	99	0
386	91	0
387	84	0
388	79	0
389	76	0
390	75	0
391	77	0
392	81	0
393	87	0
394	95	0
395	105	0
396	115	0
397	126	0
398	139	0
399	151	0
400	161	0
401	173	0
402	183	0
403	191	0
404	197	0
405	201	0
406	203	0
407	204	0
408	201	0
409	196	0
410	189	0
411	181	0
412	171	0
413	160	0
414	148	0
415	136	0
416	124	0
417	113	0
418	103	0
419	93	0
420	86	0
421	80	0
422	77	0
423	75	0
424	76	0
425	79	0
426	85	0
427	92	0
428	100	0
429	111	0
430	123	0
431	135	0
432	147	0
433	157	0
434	169	0
435	179	0
436	188	0
437	195	0
438	200	0
439	203	0
440	204	0
441	202	0
442	197	0
443	192	0
444	184	0
445	175	0
446	163	0
447	152	0
448	140	0
449	128	0
450	117	0
451	107	0
452	96	0
453	87	0
454	81	0
455	77	0
456	75	0
457	75	0
458	79	0
459	83	0
460	89	0
461	97	0
462	108	0
463	119	0
464	131	0
465	143	0
466	155	0
467	165	0
468	177	0
469	185	0
470	193	0
471	199	0
472	203	0
473	204	0
474	203	0
475	200	0
476	193	0
477	187	0
478	177	0
479	168	0
480	156	0
481	144	0
482	132	0
483	121	0
484	109	0
485	99	0
486	91	0
487	84	0
488	79	0
489	76	0
490	75	0
491	77	0
492	81	0
493	87	0
494	95	0
495	104	0
496	115	0
497	127	0
498	139	0
499	150	0
500	161	0
501	173	0
502	183	0
503	191	0
504	197	0
505	201	0
506	203	0
507	203	0
508	201	0
509	196	0
510	189	0
511	181	0
512	171	0
513	159	0
514	148	0
515	137	0
516	124	0
517	112	0
518	102	0
519	93	0
520	85	0
521	80	0
522	76	0
523	75	0
524	76	0
525	79	0
526	85	0
527	92	0
528	100	0
529	111	0
530	123	0
531	135	0
532	147	0
533	159	0
534	169	0
535	179	0
536	188	0
537	195	0
538	200	0
539	203	0
540	203	0
541	201	0
542	198	0
543	192	0
544	184	0
545	175	0
546	163	0
547	153	0
548	140	0
549	128	0
550	116	0
551	105	0
552	96	0
553	88	0
554	81	0
555	77	0
556	75	0
557	75	0
558	77	0
559	83	0
560	89	0
561	98	0
562	107	0
563	119	0
564	131	0
565	143	0
566	155	0
567	165	0
568	177	0
569	185	0
570	193	0
571	199	0
572	203	0
573	204	0
574	203	0
575	200	0
576	193	0
577	187	0
578	177	0
579	167	0
580	157	0
581	144	0
582	132	0
583	121	0
584	109	0
585	99	0
586	91	0
587	84	0
588	79	0
589	76	0
590	75	0
591	77	0
592	81	0
593	87	0
594	95	0
595	105	0
596	115	0
597	127	0
598	139	0
599	151	0
600	161	0
601	173	0
602	183	0
603	191	0
604	197	0
605	201	0
606	203	0
607	203	0
608	201	0
609	196	0
610	189	0
611	181	0
612	171	0
613	160	0
614	148	0
615	137	0
616	124	0
617	113	0
618	101	0
619	93	0
620	85	0
621	80	0
622	76	0
623	75	0
624	76	0
625	79	0
626	85	0
627	92	0
628	100	0
629	111	0
630	123	0
631	134	0
632	147	0
633	159	0
634	169	0
635	179	0
636	189	0
637	195	0
638	200	0
639	203	0
640	204	0
641	201	0
642	197	0
643	192	0
644	183	0
645	175	0
646	164	0
647	153	0
648	140	0
649	128	0
650	116	0
651	105	0
652	97	0
653	88	0
654	81	0
655	77	0
656	75	0
657	75	0
658	77	0
659	83	0
660	89	0
661	97	0
662	107	0
663	119	0
664	131	0
665	143	0
666	155	0
667	165	0
668	176	0
669	185	0
670	193	0
671	199	0
672	203	0
673	203	0
674	203	0
675	200	0
676	193	0
677	187	0
678	177	0
679	167	0
680	157	0
681	144	0
682	132	0
683	121	0
684	109	0
685	99	0
686	91	0
687	84	0
688	79	0
689	76	0
690	75	0
691	77	0
692	81	0
693	87	0
694	95	0
695	104	0
696	115	0
697	127	0
698	139	0
699	151	0
700	161	0
701	173	0
702	183	0
703	191	0
704	197	0
705	201	0
706	203	0
707	203	0
708	201	0
709	196	0
710	189	0
711	181	0
712	171	0
713	160	0
714	149	0
715	136	0
716	124	0
717	113	0
718	103	0
719	93	0
720	85	0
721	80	0
722	77	0
723	75	0
724	76	0
725	79	0
726	85	0
727	92	0
728	100	0
729	111	0
730	122	0
731	135	0
732	147	0
733	159	0
734	169	0
735	180	0
736	189	0
737	195	0
738	200	0
739	203	0
740	204	0
741	203	0
742	197	0
743	192	0
744	184	0
745	175	0
746	164	0
747	152	0
748	140	0
749	127	0
750	117	0
751	105	0
752	96	0
753	88	0
754	81	0
755	77	0
756	76	0
757	75	0
758	77	0
759	83	0
760	89	0
761	97	0
762	108	0
763	119	0
764	131	0
765	143	0
766	155	0
767	165	0
768	176	0
769	185	0
770	193	0
771	199	0
772	203	0
773	204	0
774	203	0
775	199	0
776	193	0
777	187	0
778	177	0
779	167	0
780	156	0
781	144	0
782	132	0
783	121	0
784	109	0
785	99	0
786	91	0
787	84	0
788	79	0
789	76	0
790	75	0
791	77	0
792	81	0
793	87	0
794	95	0
795	104	0
796	115	0
797	127	0
798	139	0
799	151	0
800	161	0
801	173	0
802	183	0
803	191	0
804	197	0
805	201	0
806	204	0
807	203	0
808	201	0
809	196	0
810	189	0
811	181	0
812	171	0
813	159	0
814	148	0
815	136	0
816	124	0
817	113	0
818	101	0
819	93	0
820	86	0
821	80	0
822	76	0
823	75	0
824	76	0
825	79	0
826	85	0
827	92	0
828	101	0
829	111	0
830	123	0
831	135	0
832	147	0
833	159	0
834	169	0
835	180	0
836	189	0
837	195	0
838	200	0
839	203	0
840	204	0
841	202	0
842	198	0
843	192	0
844	184	0
845	175	0
846	163	0
847	153	0
848	140	0
849	129	0
850	117	0
851	105	0
852	96	0
853	88	0
854	81	0
855	77	0
856	76	0
857	75	0
858	79	0
859	83	0
860	89	0
861	97	0
862	108	0
863	119	0
864	131	0
865	143	0
866	155	0
867	165	0
868	176	0
869	185	0
870	193	0
871	199	0
872	203	0
873	203	0
874	203	0
875	200	0
876	193	0
877	187	0
878	177	0
879	168	0
880	156	0
881	144	0
882	133	0
883	121	0
884	109	0
885	99	0
886	91	0
887	84	0
888	79	0
889	75	0
890	75	0
891	77	0
892	81	0
893	87	0
894	95	0
895	105	0
896	115	0
897	127	0
898	139	0
899	151	0
900	161	0
901	173	0
902	183	0
903	191	0
904	197	0
905	201	0
906	203	0
907	203	0
908	201	0
909	196	0
910	189	0
911	181	0
912	171	0
913	160	0
914	148	0
915	136	0
916	124	0
917	112	0
918	103	0
919	93	0
920	86	0
921	80	0
922	77	0
923	75	0
924	76	0
925	79	0
926	85	0
927	92	0
928	100	0
929	111	0
930	123	0
931	135	0
932	147	0
933	159	0
934	169	0
935	180	0
936	189	0
937	195	0
938	201	0
939	203	0
940	204	0
941	202	0
942	197	0
943	192	0
944	184	0
945	175	0
946	163	0
947	153	0
948	140	0
949	128	0
950	117	0
951	105	0
952	96	0
953	88	0
954	81	0
955	77	0
956	76	0
957	75	0
958	79	0
959	83	0
960	89	0
961	97	0
962	107	0
963	119	0
964	131	0
965	143	0
966	155	0
967	165	0
968	176	0
969	185	0
970	193	0
971	199	0
972	203	0
973	204	0
974	203	0
975	200	0
976	194	0
977	187	0
978	177	0
979	167	0
980	157	0
981	144	0
982	132	0
983	121	0
984	109	0
985	99	0
986	91	0
987	84	0
988	79	0
989	75	0
990	75	0
991	77	0
992	81	0
993	87	0
994	95	0
995	104	0
996	115	0
997	127	0
998	139	0
999	151	0
