Oscilloscope data. 
Time step = 50,00 nS
Voltage step = 31,25 mV
Zero level = 68

N 	Smpl.	Trig

0	69	0
1	196	0
2	197	0
3	197	0
4	197	0
5	196	0
6	197	0
7	196	0
8	197	0
9	197	0
10	197	0
11	197	0
12	196	0
13	197	0
14	196	0
15	197	0
16	196	0
17	196	0
18	197	0
19	197	0
20	195	0
21	69	0
22	68	0
23	68	0
24	68	0
25	68	0
26	68	0
27	68	0
28	67	0
29	68	0
30	69	0
31	68	0
32	68	0
33	68	0
34	68	0
35	68	0
36	68	0
37	68	0
38	68	0
39	68	0
40	68	0
41	68	0
42	68	0
43	68	0
44	67	0
45	68	0
46	68	0
47	68	0
48	68	0
49	68	0
50	68	0
51	68	0
52	68	0
53	68	0
54	68	0
55	68	0
56	68	0
57	68	0
58	68	0
59	68	0
60	68	0
61	68	0
62	68	0
63	69	0
64	69	0
65	68	0
66	68	0
67	68	0
68	68	0
69	68	0
70	68	0
71	68	0
72	68	0
73	68	0
74	68	0
75	68	0
76	68	0
77	68	0
78	68	0
79	68	0
80	68	0
81	68	0
82	68	0
83	68	0
84	68	0
85	68	0
86	68	0
87	68	0
88	68	0
89	68	0
90	68	0
91	68	0
92	68	0
93	68	0
94	68	0
95	68	0
96	68	0
97	68	0
98	68	0
99	68	0
100	68	0
101	69	0
102	68	0
103	68	0
104	68	0
105	68	0
106	68	0
107	68	0
108	68	0
109	68	0
110	68	0
111	68	0
112	68	0
113	68	0
114	68	0
115	68	0
116	68	0
117	68	0
118	68	0
119	68	0
120	68	0
121	68	0
122	68	0
123	68	0
124	68	0
125	68	0
126	67	0
127	68	0
128	68	0
129	68	0
130	68	0
131	68	0
132	68	0
133	68	0
134	68	0
135	68	0
136	68	0
137	68	0
138	68	0
139	68	0
140	68	0
141	68	0
142	68	0
143	68	0
144	68	0
145	68	0
146	67	0
147	68	0
148	68	0
149	68	0
150	68	0
151	68	0
152	68	0
153	69	0
154	68	0
155	68	0
156	68	0
157	68	0
158	68	0
159	68	0
160	69	0
161	196	0
162	197	0
163	197	0
164	197	0
165	196	0
166	196	0
167	197	0
168	196	0
169	197	0
170	197	0
171	196	0
172	197	0
173	197	0
174	197	0
175	196	0
176	197	0
177	197	0
178	197	0
179	196	0
180	195	0
181	69	0
182	69	0
183	68	0
184	68	0
185	69	0
186	68	0
187	68	0
188	68	0
189	68	0
190	68	0
191	68	0
192	68	0
193	68	0
194	68	0
195	68	0
196	68	0
197	68	0
198	68	0
199	68	0
200	68	0
201	68	0
202	68	0
203	68	0
204	68	0
205	68	0
206	68	0
207	68	0
208	68	0
209	69	0
210	68	0
211	68	0
212	68	0
213	68	0
214	68	0
215	68	0
216	68	0
217	68	0
218	68	0
219	68	0
220	68	0
221	68	0
222	68	0
223	68	0
224	68	0
225	68	0
226	68	0
227	68	0
228	68	0
229	68	0
230	68	0
231	68	0
232	68	0
233	68	0
234	68	0
235	68	0
236	68	0
237	68	0
238	68	0
239	68	0
240	69	0
241	68	0
242	68	0
243	68	0
244	68	0
245	68	0
246	68	0
247	68	0
248	68	0
249	68	0
250	68	0
251	68	0
252	68	0
253	68	0
254	68	0
255	67	0
256	68	0
257	68	0
258	69	0
259	68	0
260	68	0
261	68	0
262	68	0
263	68	0
264	68	0
265	68	0
266	68	0
267	68	0
268	68	0
269	68	0
270	68	0
271	68	0
272	68	0
273	68	0
274	68	0
275	68	0
276	68	0
277	68	0
278	68	0
279	68	0
280	68	0
281	68	0
282	68	0
283	68	0
284	68	0
285	68	0
286	68	0
287	67	0
288	68	0
289	68	0
290	68	0
291	69	0
292	68	0
293	68	0
294	68	0
295	68	0
296	68	0
297	68	0
298	68	0
299	68	0
300	68	0
301	68	0
302	67	0
303	69	0
304	68	0
305	68	0
306	68	0
307	68	0
308	68	0
309	68	0
310	68	0
311	68	0
312	68	0
313	68	0
314	68	0
315	68	0
316	68	0
317	68	0
318	68	0
319	68	0
320	69	0
321	196	0
322	197	0
323	196	0
324	197	0
325	197	0
326	197	0
327	197	0
328	197	0
329	197	0
330	197	0
331	197	0
332	197	0
333	196	0
334	197	0
335	196	0
336	196	0
337	197	0
338	196	0
339	197	0
340	195	0
341	69	0
342	68	0
343	68	0
344	68	0
345	68	0
346	68	0
347	68	0
348	68	0
349	68	0
350	68	0
351	68	0
352	67	0
353	68	0
354	68	0
355	68	0
356	67	0
357	68	0
358	68	0
359	68	0
360	68	0
361	68	0
362	68	0
363	68	0
364	68	0
365	68	0
366	68	0
367	68	0
368	67	0
369	68	0
370	68	0
371	68	0
372	68	0
373	68	0
374	68	0
375	68	0
376	68	0
377	68	0
378	68	0
379	69	0
380	68	0
381	68	0
382	68	0
383	68	0
384	68	0
385	68	0
386	68	0
387	68	0
388	68	0
389	68	0
390	68	0
391	68	0
392	68	0
393	68	0
394	68	0
395	68	0
396	68	0
397	68	0
398	68	0
399	68	0
400	68	0
401	68	0
402	68	0
403	68	0
404	68	0
405	68	0
406	68	0
407	68	0
408	68	0
409	68	0
410	68	0
411	68	0
412	68	0
413	68	0
414	68	0
415	68	0
416	68	0
417	68	0
418	68	0
419	68	0
420	68	0
421	68	0
422	68	0
423	68	0
424	68	0
425	68	0
426	68	0
427	68	0
428	68	0
429	68	0
430	68	0
431	68	0
432	68	0
433	68	0
434	68	0
435	68	0
436	68	0
437	68	0
438	68	0
439	68	0
440	68	0
441	68	0
442	68	0
443	68	0
444	68	0
445	68	0
446	68	0
447	68	0
448	68	0
449	68	0
450	68	0
451	68	0
452	68	0
453	68	0
454	68	0
455	68	0
456	69	0
457	68	0
458	68	0
459	68	0
460	68	0
461	68	0
462	68	0
463	68	0
464	69	0
465	68	0
466	68	0
467	68	0
468	68	0
469	68	0
470	68	0
471	68	0
472	68	0
473	68	0
474	68	0
475	68	0
476	68	0
477	68	0
478	69	0
479	68	0
480	69	0
481	196	0
482	197	0
483	197	0
484	197	0
485	197	0
486	197	0
487	197	0
488	197	0
489	197	0
490	197	0
491	196	0
492	197	0
493	197	0
494	197	0
495	197	0
496	196	0
497	197	0
498	196	0
499	196	0
500	195	0
501	69	0
502	68	0
503	68	0
504	68	0
505	68	0
506	68	0
507	68	0
508	68	0
509	69	0
510	67	0
511	68	0
512	68	0
513	68	0
514	68	0
515	68	0
516	68	0
517	68	0
518	68	0
519	68	0
520	68	0
521	68	0
522	68	0
523	68	0
524	68	0
525	68	0
526	68	0
527	68	0
528	68	0
529	69	0
530	68	0
531	68	0
532	68	0
533	67	0
534	69	0
535	68	0
536	68	0
537	68	0
538	68	0
539	68	0
540	68	0
541	68	0
542	68	0
543	68	0
544	67	0
545	69	0
546	68	0
547	68	0
548	68	0
549	68	0
550	68	0
551	69	0
552	69	0
553	69	0
554	68	0
555	68	0
556	68	0
557	68	0
558	68	0
559	68	0
560	68	0
561	68	0
562	68	0
563	68	0
564	68	0
565	68	0
566	68	0
567	68	0
568	68	0
569	68	0
570	68	0
571	68	0
572	68	0
573	68	0
574	68	0
575	68	0
576	68	0
577	68	0
578	68	0
579	68	0
580	68	0
581	68	0
582	68	0
583	68	0
584	68	0
585	68	0
586	68	0
587	68	0
588	68	0
589	68	0
590	68	0
591	68	0
592	68	0
593	68	0
594	68	0
595	68	0
596	68	0
597	68	0
598	68	0
599	68	0
600	68	0
601	68	0
602	68	0
603	68	0
604	68	0
605	68	0
606	68	0
607	68	0
608	68	0
609	68	0
610	68	0
611	68	0
612	68	0
613	68	0
614	68	0
615	68	0
616	68	0
617	68	0
618	69	0
619	68	0
620	68	0
621	69	0
622	68	0
623	68	0
624	68	0
625	68	0
626	68	0
627	68	0
628	69	0
629	68	0
630	68	0
631	68	0
632	68	0
633	68	0
634	68	0
635	68	0
636	69	0
637	68	0
638	69	0
639	68	0
640	69	0
641	196	0
642	197	0
643	197	0
644	197	0
645	196	0
646	197	0
647	197	0
648	196	0
649	197	0
650	196	0
651	196	0
652	197	0
653	197	0
654	196	0
655	197	0
656	197	0
657	196	0
658	197	0
659	196	0
660	195	0
661	69	0
662	69	0
663	68	0
664	68	0
665	68	0
666	68	0
667	68	0
668	67	0
669	68	0
670	68	0
671	67	0
672	68	0
673	68	0
674	68	0
675	68	0
676	68	0
677	68	0
678	68	0
679	68	0
680	67	0
681	68	0
682	68	0
683	68	0
684	68	0
685	68	0
686	68	0
687	68	0
688	68	0
689	68	0
690	68	0
691	68	0
692	68	0
693	67	0
694	68	0
695	68	0
696	67	0
697	68	0
698	68	0
699	68	0
700	68	0
701	68	0
702	68	0
703	68	0
704	68	0
705	68	0
706	68	0
707	68	0
708	68	0
709	68	0
710	68	0
711	68	0
712	68	0
713	68	0
714	68	0
715	68	0
716	68	0
717	67	0
718	68	0
719	68	0
720	68	0
721	68	0
722	68	0
723	68	0
724	68	0
725	68	0
726	68	0
727	68	0
728	68	0
729	68	0
730	68	0
731	68	0
732	68	0
733	68	0
734	68	0
735	68	0
736	68	0
737	68	0
738	68	0
739	68	0
740	68	0
741	68	0
742	67	0
743	68	0
744	68	0
745	68	0
746	68	0
747	68	0
748	68	0
749	68	0
750	68	0
751	68	0
752	68	0
753	68	0
754	68	0
755	68	0
756	68	0
757	68	0
758	68	0
759	68	0
760	68	0
761	68	0
762	68	0
763	68	0
764	68	0
765	68	0
766	68	0
767	68	0
768	68	0
769	68	0
770	68	0
771	68	0
772	68	0
773	67	0
774	68	0
775	68	0
776	68	0
777	68	0
778	68	0
779	68	0
780	68	0
781	68	0
782	68	0
783	68	0
784	68	0
785	68	0
786	68	0
787	69	0
788	68	0
789	67	0
790	68	0
791	68	0
792	68	0
793	68	0
794	68	0
795	68	0
796	68	0
797	68	0
798	68	0
799	68	0
800	70	0
801	195	0
802	197	0
803	196	0
804	197	0
805	197	0
806	197	0
807	197	0
808	197	0
809	197	0
810	197	0
811	197	0
812	196	0
813	196	0
814	196	0
815	196	0
816	196	0
817	196	0
818	197	0
819	196	0
820	195	0
821	69	0
822	69	0
823	68	0
824	68	0
825	68	0
826	68	0
827	68	0
828	68	0
829	68	0
830	68	0
831	68	0
832	68	0
833	68	0
834	68	0
835	69	0
836	68	0
837	68	0
838	68	0
839	68	0
840	68	0
841	68	0
842	68	0
843	68	0
844	67	0
845	68	0
846	68	0
847	68	0
848	68	0
849	67	0
850	68	0
851	68	0
852	68	0
853	68	0
854	68	0
855	68	0
856	68	0
857	68	0
858	68	0
859	68	0
860	68	0
861	68	0
862	68	0
863	68	0
864	68	0
865	68	0
866	68	0
867	68	0
868	68	0
869	68	0
870	68	0
871	68	0
872	67	0
873	68	0
874	69	0
875	68	0
876	67	0
877	68	0
878	68	0
879	68	0
880	68	0
881	68	0
882	68	0
883	68	0
884	68	0
885	68	0
886	68	0
887	69	0
888	69	0
889	68	0
890	67	0
891	68	0
892	69	0
893	69	0
894	67	0
895	69	0
896	68	0
897	69	0
898	68	0
899	68	0
900	68	0
901	68	0
902	68	0
903	68	0
904	68	0
905	68	0
906	68	0
907	68	0
908	68	0
909	68	0
910	68	0
911	68	0
912	68	0
913	68	0
914	68	0
915	68	0
916	68	0
917	68	0
918	68	0
919	68	0
920	68	0
921	68	0
922	68	0
923	68	0
924	68	0
925	68	0
926	68	0
927	68	0
928	68	0
929	68	0
930	68	0
931	68	0
932	68	0
933	68	0
934	68	0
935	68	0
936	68	0
937	68	0
938	68	0
939	68	0
940	68	0
941	68	0
942	68	0
943	68	0
944	68	0
945	68	0
946	68	0
947	68	0
948	68	0
949	68	0
950	68	0
951	69	0
952	68	0
953	68	0
954	68	0
955	68	0
956	68	0
957	68	0
958	68	0
959	68	0
960	69	0
961	196	0
962	197	0
963	196	0
964	197	0
965	196	0
966	197	0
967	197	0
968	197	0
969	196	0
970	197	0
971	197	0
972	196	0
973	196	0
974	197	0
975	197	0
976	197	0
977	197	0
978	197	0
979	197	0
980	195	0
981	69	0
982	68	0
983	67	0
984	68	0
985	68	0
986	68	0
987	68	0
988	68	0
989	68	0
990	68	0
991	68	0
992	68	0
993	68	0
994	68	0
995	68	0
996	68	0
997	68	0
998	68	0
999	68	0
