Oscilloscope data. 
Time step = 10,00 uS
Voltage step = 31,25 mV
Zero level = 93

N 	Smpl.	Trig

0	162	0
1	162	0
2	163	0
3	163	0
4	163	0
5	163	0
6	165	0
7	165	0
8	167	0
9	167	0
10	170	0
11	171	0
12	174	0
13	175	0
14	178	0
15	180	0
16	183	0
17	185	0
18	189	0
19	192	0
20	195	0
21	199	0
22	201	0
23	204	0
24	207	0
25	209	0
26	212	0
27	215	0
28	217	0
29	219	0
30	221	0
31	221	0
32	222	0
33	221	0
34	221	0
35	219	0
36	217	0
37	215	0
38	211	0
39	205	0
40	200	0
41	195	0
42	187	0
43	179	0
44	172	0
45	163	0
46	154	0
47	145	0
48	136	0
49	127	0
50	119	0
51	111	0
52	105	0
53	99	0
54	95	0
55	93	0
56	93	0
57	93	0
58	97	0
59	103	0
60	110	0
61	119	0
62	129	0
63	141	0
64	153	0
65	165	0
66	178	0
67	191	0
68	201	0
69	211	0
70	217	0
71	221	0
72	222	0
73	220	0
74	215	0
75	206	0
76	195	0
77	182	0
78	167	0
79	151	0
80	136	0
81	121	0
82	109	0
83	100	0
84	95	0
85	93	0
86	95	0
87	103	0
88	114	0
89	129	0
90	145	0
91	163	0
92	181	0
93	197	0
94	210	0
95	218	0
96	222	0
97	219	0
98	211	0
99	198	0
100	181	0
101	162	0
102	142	0
103	123	0
104	107	0
105	96	0
106	93	0
107	95	0
108	105	0
109	120	0
110	139	0
111	161	0
112	182	0
113	201	0
114	215	0
115	222	0
116	220	0
117	210	0
118	193	0
119	172	0
120	148	0
121	125	0
122	107	0
123	95	0
124	92	0
125	99	0
126	115	0
127	137	0
128	163	0
129	187	0
130	207	0
131	219	0
132	221	0
133	212	0
134	194	0
135	170	0
136	143	0
137	119	0
138	101	0
139	93	0
140	97	0
141	112	0
142	137	0
143	164	0
144	191	0
145	212	0
146	221	0
147	218	0
148	202	0
149	176	0
150	147	0
151	119	0
152	99	0
153	93	0
154	100	0
155	120	0
156	149	0
157	179	0
158	205	0
159	221	0
160	219	0
161	203	0
162	176	0
163	144	0
164	115	0
165	97	0
166	94	0
167	107	0
168	135	0
169	168	0
170	199	0
171	218	0
172	221	0
173	206	0
174	176	0
175	142	0
176	112	0
177	95	0
178	95	0
179	115	0
180	148	0
181	184	0
182	211	0
183	223	0
184	211	0
185	184	0
186	149	0
187	115	0
188	95	0
189	95	0
190	118	0
191	153	0
192	190	0
193	215	0
194	221	0
195	204	0
196	170	0
197	131	0
198	101	0
199	93	0
200	108	0
201	142	0
202	182	0
203	212	0
204	222	0
205	206	0
206	171	0
207	130	0
208	100	0
209	93	0
210	113	0
211	151	0
212	191	0
213	218	0
214	219	0
215	193	0
216	151	0
217	113	0
218	93	0
219	103	0
220	137	0
221	179	0
222	213	0
223	221	0
224	199	0
225	157	0
226	115	0
227	93	0
228	102	0
229	138	0
230	183	0
231	215	0
232	219	0
233	192	0
234	147	0
235	107	0
236	93	0
237	112	0
238	155	0
239	199	0
240	221	0
241	209	0
242	169	0
243	121	0
244	94	0
245	101	0
246	140	0
247	187	0
248	219	0
249	215	0
250	177	0
251	128	0
252	95	0
253	99	0
254	138	0
255	187	0
256	219	0
257	213	0
258	173	0
259	123	0
260	94	0
261	104	0
262	147	0
263	197	0
264	222	0
265	205	0
266	157	0
267	109	0
268	93	0
269	119	0
270	171	0
271	214	0
272	219	0
273	181	0
274	128	0
275	95	0
276	105	0
277	151	0
278	202	0
279	222	0
280	195	0
281	141	0
282	98	0
283	99	0
284	143	0
285	197	0
286	222	0
287	199	0
288	145	0
289	99	0
290	99	0
291	143	0
292	198	0
293	222	0
294	195	0
295	139	0
296	96	0
297	103	0
298	153	0
299	206	0
300	220	0
301	183	0
302	124	0
303	93	0
304	115	0
305	173	0
306	217	0
307	211	0
308	158	0
309	105	0
310	96	0
311	141	0
312	200	0
313	221	0
314	187	0
315	126	0
316	93	0
317	118	0
318	179	0
319	220	0
320	203	0
321	145	0
322	97	0
323	105	0
324	163	0
325	215	0
326	212	0
327	157	0
328	103	0
329	99	0
330	153	0
331	210	0
332	215	0
333	163	0
334	104	0
335	98	0
336	151	0
337	209	0
338	216	0
339	162	0
340	103	0
341	99	0
342	155	0
343	213	0
344	212	0
345	153	0
346	99	0
347	106	0
348	167	0
349	219	0
350	203	0
351	138	0
352	93	0
353	119	0
354	186	0
355	222	0
356	186	0
357	117	0
358	93	0
359	142	0
360	207	0
361	215	0
362	157	0
363	99	0
364	108	0
365	175	0
366	221	0
367	193	0
368	123	0
369	93	0
370	141	0
371	207	0
372	214	0
373	152	0
374	96	0
375	115	0
376	186	0
377	221	0
378	178	0
379	109	0
380	99	0
381	163	0
382	219	0
383	197	0
384	123	0
385	94	0
386	145	0
387	212	0
388	207	0
389	137	0
390	93	0
391	133	0
392	205	0
393	214	0
394	147	0
395	93	0
396	126	0
397	200	0
398	216	0
399	151	0
400	94	0
401	123	0
402	199	0
403	217	0
404	152	0
405	94	0
406	125	0
407	201	0
408	215	0
409	147	0
410	93	0
411	131	0
412	206	0
413	211	0
414	138	0
415	92	0
416	142	0
417	213	0
418	202	0
419	125	0
420	95	0
421	159	0
422	220	0
423	187	0
424	109	0
425	104	0
426	181	0
427	221	0
428	163	0
429	96	0
430	124	0
431	203	0
432	211	0
433	135	0
434	93	0
435	153	0
436	220	0
437	187	0
438	107	0
439	107	0
440	189	0
441	219	0
442	149	0
443	93	0
444	141	0
445	216	0
446	194	0
447	111	0
448	105	0
449	187	0
450	219	0
451	148	0
452	93	0
453	146	0
454	219	0
455	186	0
456	104	0
457	113	0
458	198	0
459	212	0
460	131	0
461	95	0
462	167	0
463	222	0
464	163	0
465	93	0
466	137	0
467	216	0
468	190	0
469	105	0
470	114	0
471	200	0
472	209	0
473	124	0
474	99	0
475	181	0
476	219	0
477	143	0
478	93	0
479	161	0
480	221	0
481	161	0
482	93	0
483	145	0
484	220	0
485	176	0
486	97	0
487	133	0
488	215	0
489	187	0
490	101	0
491	124	0
492	211	0
493	194	0
494	105	0
495	117	0
496	207	0
497	199	0
498	108	0
499	115	0
500	206	0
501	200	0
502	109	0
503	115	0
504	206	0
505	199	0
506	107	0
507	117	0
508	209	0
509	196	0
510	104	0
511	121	0
512	212	0
513	189	0
514	99	0
515	129	0
516	217	0
517	179	0
518	95	0
519	141	0
520	220	0
521	165	0
522	93	0
523	157	0
524	221	0
525	149	0
526	94	0
527	175	0
528	217	0
529	129	0
530	102	0
531	195	0
532	205	0
533	109	0
534	119	0
535	213	0
536	183	0
537	96	0
538	144	0
539	222	0
540	155	0
541	93	0
542	175	0
543	216	0
544	124	0
545	107	0
546	204	0
547	195	0
548	99	0
549	137	0
550	221	0
551	158	0
552	93	0
553	176	0
554	215	0
555	119	0
556	112	0
557	211	0
558	183	0
559	95	0
560	153	0
561	221	0
562	138	0
563	101	0
564	199	0
565	198	0
566	99	0
567	140	0
568	222	0
569	148	0
570	97	0
571	192	0
572	203	0
573	103	0
574	137	0
575	222	0
576	149	0
577	96	0
578	194	0
579	200	0
580	99	0
581	143	0
582	222	0
583	139	0
584	102	0
585	203	0
586	189	0
587	94	0
588	159	0
589	219	0
590	121	0
591	115	0
592	215	0
593	167	0
594	93	0
595	184	0
596	205	0
597	102	0
598	142	0
599	222	0
600	134	0
601	107	0
602	211	0
603	173	0
604	93	0
605	182	0
606	206	0
607	102	0
608	145	0
609	221	0
610	128	0
611	114	0
612	217	0
613	160	0
614	95	0
615	197	0
616	191	0
617	93	0
618	168	0
619	213	0
620	106	0
621	139	0
622	221	0
623	129	0
624	115	0
625	218	0
626	153	0
627	99	0
628	205	0
629	178	0
630	93	0
631	187	0
632	198	0
633	95	0
634	166	0
635	212	0
636	103	0
637	147	0
638	220	0
639	116	0
640	129	0
641	222	0
642	131	0
643	116	0
644	220	0
645	145	0
646	105	0
647	215	0
648	157	0
649	99	0
650	209	0
651	169	0
652	95	0
653	202	0
654	178	0
655	93	0
656	195	0
657	185	0
658	93	0
659	190	0
660	190	0
661	93	0
662	186	0
663	194	0
664	93	0
665	183	0
666	196	0
667	93	0
668	182	0
669	196	0
670	93	0
671	183	0
672	195	0
673	93	0
674	185	0
675	192	0
676	93	0
677	189	0
678	188	0
679	93	0
680	195	0
681	181	0
682	93	0
683	201	0
684	173	0
685	96	0
686	208	0
687	163	0
688	100	0
689	214	0
690	151	0
691	108	0
692	219	0
693	137	0
694	119	0
695	222	0
696	123	0
697	133	0
698	221	0
699	108	0
700	151	0
701	213	0
702	98	0
703	171	0
704	199	0
705	93	0
706	191	0
707	181	0
708	95	0
709	208	0
710	157	0
711	107	0
712	220	0
713	131	0
714	127	0
715	221	0
716	109	0
717	154	0
718	210	0
719	94	0
720	184	0
721	185	0
722	94	0
723	209	0
724	153	0
725	111	0
726	221	0
727	121	0
728	141	0
729	215	0
730	97	0
731	177	0
732	190	0
733	93	0
734	209	0
735	151	0
736	113	0
737	222	0
738	115	0
739	151	0
740	208	0
741	93	0
742	193	0
743	172	0
744	101	0
745	219	0
746	128	0
747	137	0
748	215	0
749	96	0
750	185	0
751	179	0
752	99	0
753	219	0
754	129	0
755	137	0
756	215	0
757	95	0
758	189	0
759	174	0
760	103	0
761	221	0
762	120	0
763	149	0
764	207	0
765	92	0
766	202	0
767	155	0
768	115	0
769	221	0
770	103	0
771	173	0
772	186	0
773	97	0
774	218	0
775	125	0
776	145	0
777	207	0
778	92	0
779	205	0
780	148	0
781	123	0
782	219	0
783	97	0
784	189	0
785	167	0
786	109	0
787	222	0
788	104	0
789	176	0
790	180	0
791	101	0
792	221	0
793	112	0
794	166	0
795	189	0
796	98	0
797	220	0
798	116	0
799	161	0
800	192	0
801	97	0
802	219	0
803	117	0
804	161	0
805	191	0
806	97	0
807	221	0
808	115	0
809	166	0
810	186	0
811	100	0
812	222	0
813	107	0
814	175	0
815	176	0
816	107	0
817	222	0
818	99	0
819	189	0
820	160	0
821	119	0
822	217	0
823	93	0
824	205	0
825	139	0
826	140	0
827	205	0
828	94	0
829	218	0
830	115	0
831	167	0
832	181	0
833	107	0
834	221	0
835	98	0
836	197	0
837	148	0
838	134	0
839	207	0
840	93	0
841	219	0
842	113	0
843	172	0
844	174	0
845	113	0
846	218	0
847	93	0
848	209	0
849	129	0
850	155	0
851	189	0
852	103	0
853	221	0
854	96	0
855	203	0
856	138	0
857	148	0
858	194	0
859	102	0
860	222	0
861	97	0
862	202	0
863	137	0
864	151	0
865	190	0
866	104	0
867	221	0
868	94	0
869	209	0
870	126	0
871	163	0
872	177	0
873	115	0
874	215	0
875	93	0
876	217	0
877	109	0
878	184	0
879	155	0
880	137	0
881	199	0
882	99	0
883	221	0
884	95	0
885	210	0
886	122	0
887	171	0
888	167	0
889	126	0
890	205	0
891	97	0
892	222	0
893	95	0
894	209	0
895	122	0
896	173	0
897	163	0
898	131	0
899	200	0
900	101	0
901	221	0
902	93	0
903	216	0
904	109	0
905	190	0
906	143	0
907	152	0
908	180	0
909	118	0
910	210	0
911	96	0
912	222	0
913	95	0
914	214	0
915	111	0
916	189	0
917	141	0
918	157	0
919	175	0
920	125	0
921	202	0
922	102	0
923	219	0
924	93	0
925	221	0
926	99	0
927	207	0
928	117	0
929	185	0
930	143	0
931	157	0
932	172	0
933	130	0
934	197	0
935	108	0
936	214	0
937	95	0
938	222	0
939	93	0
940	219	0
941	100	0
942	207	0
943	116	0
944	189	0
945	136	0
946	167	0
947	157	0
948	146	0
949	179	0
950	126	0
951	197	0
952	110	0
953	211	0
954	99	0
955	219	0
956	93	0
957	222	0
958	93	0
959	220	0
960	97	0
961	213	0
962	106	0
963	203	0
964	117	0
965	191	0
966	129	0
967	178	0
968	143	0
969	165	0
970	155	0
971	152	0
972	168	0
973	141	0
974	179	0
975	130	0
976	189	0
977	121	0
978	197	0
979	114	0
980	204	0
981	108	0
982	210	0
983	103	0
984	213	0
985	99	0
986	216	0
987	97	0
988	219	0
989	95	0
990	221	0
991	94	0
992	221	0
993	93	0
994	222	0
995	93	0
996	222	0
997	93	0
998	222	0
999	93	0
